32,
32,
11,1,20,
2,1,7,1,1,1,19,
1,2,7,1,1,1,19,
0,1,1,1,6,1,3,1,18,
0,4,5,1,3,1,12,2,4,
2,1,7,2,2,4,7,1,1,1,4,
1,3,5,1,4,1,3,5,1,1,2,1,4,
2,1,5,1,4,1,3,1,5,1,8,
2,2,4,1,4,1,3,1,4,1,1,1,2,1,4,
1,1,5,1,4,1,3,1,4,1,3,1,1,1,4,
1,2,4,1,3,1,4,1,4,1,3,1,6,
3,1,2,1,8,1,4,1,5,1,5,
1,2,3,1,12,1,6,1,5,
6,1,20,1,4,
5,1,21,1,4,
5,1,2,3,21,
5,1,3,2,6,2,8,1,4,
5,1,6,3,2,3,7,1,4,
3,1,2,1,6,1,12,1,5,
2,1,4,1,1,1,2,1,1,1,2,1,7,1,6,
2,1,4,1,2,2,3,2,5,1,1,2,6,
3,1,2,1,19,1,5,
4,1,16,1,5,1,4,
5,1,16,1,3,1,3,1,1,
6,1,17,2,3,1,1,1,
6,4,13,1,4,2,2,
8,1,1,4,6,3,4,1,3,1,
8,1,5,6,2,1,4,1,1,1,1,1,
7,1,15,1,3,1,2,1,1,
7,1,16,1,1,1,5,
