00000000000000000000000000000000
00000000000000000000000000000000
00000000000100000000000000000000
00100000001010000000000000000000
01100000001010000000000000000000
10100000010001000000000000000000
11110000010001000000000000110000
00100000001100111100000001010000
01110000010000100011111010010000
00100000100001000100000100000000
00110000100001000100001010010000
01000001000010001000010001010000
01100001000100001000010001000000
00010010000000010000100000100000
01100010000000000001000000100000
00000010000000000000000000010000
00000100000000000000000000010000
00000100111000000000000000000000
00000100011000000110000000010000
00000100000011100111000000010000
00010010000001000000000000100000
00100001010010100100000001000000
00100001001100011000001011000000
00010010000000000000000000100000
00001000000000000000010000010000
00000100000000000000001000100010
00000010000000000000000011000101
00000011110000000000000100001100
00000000101111000000111000010001
00000000100000111111001000010101
00000001000000000000000100010010
00000001000000000000000010100000
